1606362999.496623,0
1606362999.601156,43
1606362999.705309,84
1606362999.813567,100
1606362999.918653,99
1606363000.025941,100
1606363000.129902,99
1606363000.237498,100
1606363000.348032,100
1606363000.453199,100
1606363000.558343,100
1606363000.663193,99
1606363000.768173,99
1606363000.872185,99
1606363000.976660,41
1606363001.080871,11
1606363001.229420,100
1606363001.333609,96
1606363001.438395,85
1606363001.543040,86
1606363001.648283,84
1606363001.752581,89
1606363001.857251,92
1606363001.961371,99
1606363002.065542,52
1606363002.170698,34
1606363002.275972,39
1606363002.380884,54
1606363002.485142,55
1606363002.590527,56
1606363002.694376,57
1606363002.798932,57
1606363002.905005,58
1606363003.009783,60
1606363003.114807,58
1606363003.218898,56
1606363003.323873,56
1606363003.428992,58
1606363003.534262,57
1606363003.641844,59
1606363003.749995,58
1606363003.854026,58
1606363003.959415,59
1606363004.065321,59
1606363004.170357,58
1606363004.280215,58
1606363004.387443,60
1606363004.493121,58
1606363004.597782,61
1606363004.703542,60
1606363004.807527,63
1606363004.912302,67
1606363005.017603,68
1606363005.122456,72
1606363005.226652,71
1606363005.331104,88
1606363005.436469,94
1606363005.542199,97
1606363005.646340,94
1606363005.750516,88
1606363005.857307,89
1606363005.962501,99
1606363006.070711,99
1606363006.175416,79
1606363006.281095,87
1606363006.390147,85
1606363006.496067,97
1606363006.601812,97
1606363006.706889,76
1606363006.812434,80
1606363006.917789,96
1606363007.022136,98
1606363007.126777,83
1606363007.232146,71
1606363007.342743,80
1606363007.447980,92
1606363007.552232,89
1606363007.658304,76
1606363007.762795,64
1606363007.867247,71
1606363007.972125,69
1606363008.083816,70
1606363008.193025,81
1606363008.298626,82
1606363008.406157,88
1606363008.519173,89
1606363008.624659,73
1606363008.730347,65
1606363008.834736,68
1606363008.940234,67
1606363009.046333,71
1606363009.150303,78
1606363009.255908,80
1606363009.364109,92
1606363009.469172,90
1606363009.573658,74
1606363009.678252,66
1606363009.783205,68
1606363009.888340,69
1606363009.992712,73
1606363010.097456,73
1606363010.203030,83
1606363010.307950,84
1606363010.413805,92
1606363010.518997,93
1606363010.623776,82
1606363010.731284,66
1606363010.837018,69
1606363010.942231,69
1606363011.046625,74
1606363011.150799,75
1606363011.256390,84
1606363011.362294,90
1606363011.467153,92
1606363011.571941,93
1606363011.677265,67
1606363011.781782,66
1606363011.886431,75
1606363011.990547,75
1606363012.097910,73
1606363012.203588,86
1606363012.308300,85
1606363012.413640,94
1606363012.519722,94
1606363012.624178,82
1606363012.738456,68
1606363012.848022,69
1606363012.951860,72
1606363013.057473,75
1606363013.162616,77
1606363013.268458,88
1606363013.376937,86
1606363013.480639,94
1606363013.590033,96
1606363013.696681,79
1606363013.802243,70
1606363013.907388,75
1606363014.013038,73
1606363014.117922,77
1606363014.222795,89
1606363014.328334,88
1606363014.432655,100
1606363014.537755,92
1606363014.644089,84
1606363014.749489,79
1606363014.854537,84
1606363014.959280,73
1606363015.065416,77
1606363015.170152,77
1606363015.274321,89
1606363015.378345,89
1606363015.485278,94
1606363015.589640,95
1606363015.695230,76
1606363015.800574,78
1606363015.906160,80
1606363016.010889,81
1606363016.115425,82
1606363016.220944,82
1606363016.326413,90
1606363016.432076,93
1606363016.539821,100
1606363016.647145,98
1606363016.759465,98
1606363016.864543,87
1606363016.969793,91
1606363017.073933,91
1606363017.179229,83
1606363017.286466,83
1606363017.390167,91
1606363017.496154,92
1606363017.600056,100
1606363017.704381,93
1606363017.808988,93
1606363017.914671,78
1606363018.019642,82
1606363018.124415,71
1606363018.228425,72
1606363018.332433,70
1606363018.437099,70
1606363018.541454,71
1606363018.646850,72
1606363018.751148,76
1606363018.858715,81
1606363018.963348,82
1606363019.067611,85
1606363019.172170,90
1606363019.342366,100
1606363019.446922,99
1606363019.552221,98
1606363019.656670,99
1606363019.760687,95
1606363019.864417,99
1606363019.972587,98
1606363020.078156,86
1606363020.183665,94
1606363020.292917,95
1606363020.397940,91
1606363020.501824,74
1606363020.606236,16
1606363020.710215,44
1606363020.814563,41
1606363020.919721,41
1606363021.025649,43
1606363021.130109,44
1606363021.234314,43
1606363021.338521,42
1606363021.443562,48
1606363021.549014,57
1606363021.653483,60
1606363021.768183,66
1606363021.873382,79
1606363021.978718,78
1606363022.083132,51
1606363022.188682,61
1606363022.302015,65
1606363022.406863,68
1606363022.511226,42
1606363022.634457,41
1606363022.739023,39
1606363022.843121,49
1606363022.947880,54
1606363023.052007,61
1606363023.155347,69
1606363023.260082,61
1606363023.371313,42
1606363023.475698,43
1606363023.580460,43
1606363023.688493,43
1606363023.793955,53
1606363023.899039,55
1606363024.003949,52
1606363024.107691,64
1606363024.212288,66
1606363024.318617,72
1606363024.424753,68
1606363024.528800,45
1606363024.635050,42
1606363024.741863,45
1606363024.846228,51
1606363024.951176,50
1606363025.058573,51
1606363025.162804,54
1606363025.267078,64
1606363025.370892,65
1606363025.478008,68
1606363025.582223,69
1606363025.686941,49
1606363025.790556,46
1606363025.895346,52
1606363026.003309,56
1606363026.110945,65
1606363026.215346,74
1606363026.319606,74
1606363026.428358,50
1606363026.532524,46
1606363026.639002,46
1606363026.746606,48
1606363026.851988,55
1606363026.957717,54
1606363027.063132,58
1606363027.170646,69
1606363027.275231,75
1606363027.382321,76
1606363027.488447,71
1606363027.594018,50
1606363027.699060,50
1606363027.804157,58
1606363027.908820,57
1606363028.013897,61
1606363028.119142,71
1606363028.223461,80
1606363028.327508,78
1606363028.431590,62
1606363028.536152,51
1606363028.640994,50
1606363028.746648,51
1606363028.851934,60
1606363028.957177,59
1606363029.062700,59
1606363029.167770,72
1606363029.272216,81
1606363029.377418,80
1606363029.481613,66
1606363029.586371,53
1606363029.696216,51
1606363029.800842,51
1606363029.906784,62
1606363030.011831,61
1606363030.116420,62
1606363030.222030,71
1606363030.327348,82
1606363030.431757,82
1606363030.535869,54
1606363030.640229,57
1606363030.746646,55
1606363030.851379,63
1606363030.956104,64
1606363031.060544,65
1606363031.165576,75
1606363031.269787,75
1606363031.373793,84
1606363031.479379,84
1606363031.584036,62
1606363031.688075,58
1606363031.793410,56
1606363031.898617,63
1606363032.003651,62
1606363032.107909,66
1606363032.212631,75
1606363032.349512,76
1606363032.548171,85
1606363032.655187,88
1606363032.759929,87
1606363032.906959,72
1606363033.141914,68
1606363033.247459,63
1606363033.352653,74
1606363033.457771,64
1606363033.562079,71
1606363033.668576,73
1606363033.772989,78
1606363033.881983,84
1606363033.986676,96
1606363034.091223,97
1606363034.197064,81
1606363034.301034,72
1606363034.405505,79
1606363034.511638,79
1606363034.615798,87
1606363034.723683,87
1606363034.827930,60
1606363034.932407,59
1606363035.037656,71
1606363035.142288,69
1606363035.246614,69
1606363035.352408,79
1606363035.457792,78
1606363035.562663,89
1606363035.666792,89
1606363035.771074,74
1606363035.875816,62
1606363035.980953,71
1606363036.087475,72
1606363036.193003,71
1606363036.298068,69
1606363036.402636,81
1606363036.507374,79
1606363036.612019,93
1606363036.716589,90
1606363036.820803,84
1606363036.925127,64
1606363037.029852,74
1606363037.133464,70
1606363037.238182,71
1606363037.342596,71
1606363037.447864,81
1606363037.552493,81
1606363037.656692,90
1606363037.760768,93
1606363037.870055,65
1606363037.974585,76
1606363038.079000,72
1606363038.183476,71
1606363038.288999,72
1606363038.394188,82
1606363038.498639,84
1606363038.603443,91
1606363038.709698,91
1606363038.813610,77
1606363038.919168,66
1606363039.023997,74
1606363039.128962,74
1606363039.233357,73
1606363039.338370,73
1606363039.442520,83
1606363039.548448,86
1606363039.652616,93
1606363039.758149,90
1606363039.862765,66
1606363039.973237,71
1606363040.086188,72
1606363040.191616,75
1606363040.297077,75
1606363040.402781,86
1606363040.508736,87
1606363040.614325,93
1606363040.719688,93
1606363040.825862,78
1606363040.930254,68
1606363041.036829,74
1606363041.141863,73
1606363041.246983,76
1606363041.354802,75
1606363041.458949,87
1606363041.563518,86
1606363041.806566,88
1606363041.912065,95
1606363042.016469,96
1606363042.120680,90
1606363042.228409,80
1606363042.339367,79
1606363042.447054,77
1606363042.551380,78
1606363042.656223,87
1606363042.760895,90
1606363042.865350,96
1606363042.969987,96
1606363043.075255,76
1606363043.179246,76
1606363043.283528,79
1606363043.387164,79
1606363043.491154,89
1606363043.596980,88
1606363043.701613,94
1606363043.806738,95
1606363043.910962,82
1606363044.016912,77
1606363044.120873,77
1606363044.228178,77
1606363044.333073,79
1606363044.437397,75
1606363044.542018,79
1606363044.647274,80
1606363044.752465,90
1606363044.857452,90
1606363044.962166,90
1606363045.067394,90
1606363045.171157,87
1606363045.276554,80
1606363045.380584,80
1606363045.485443,80
1606363045.590514,82
1606363045.695631,71
1606363045.800147,69
1606363045.904728,67
1606363046.009143,40
1606363046.114678,44
1606363046.219701,43
1606363046.323329,47
1606363046.427289,56
1606363046.531009,62
1606363046.635636,62
1606363046.741044,40
1606363046.844456,38
1606363047.198498,39
1606363047.302605,45
1606363047.546207,49
1606363047.649454,50
1606363047.753239,60
1606363047.859162,72
1606363047.964110,66
1606363048.068193,48
1606363048.172309,48
1606363048.277842,58
1606363048.382680,73
1606363048.486852,69
1606363048.591426,41
1606363048.695769,40
1606363048.800815,39
1606363048.905537,41
1606363049.010074,51
1606363049.114796,51
1606363049.221652,60
1606363049.327316,71
1606363049.431918,71
1606363049.536724,45
1606363049.641832,44
1606363049.746743,42
1606363049.851320,43
1606363049.955855,43
1606363050.373101,56
1606363050.477849,55
1606363050.585180,64
1606363050.688941,69
1606363050.793137,73
1606363050.898930,55
1606363051.003278,46
1606363051.108113,53
1606363051.217344,54
1606363051.324683,63
1606363051.429022,67
1606363051.534293,73
1606363051.647705,65
1606363051.752436,46
1606363051.857542,44
1606363051.961850,45
1606363052.066631,52
1606363052.171622,55
1606363052.276389,64
1606363052.380515,65
1606363052.484730,74
1606363052.588077,65
1606363052.693457,46
1606363052.800376,45
1606363052.904818,48
1606363053.009766,59
1606363053.114155,59
1606363053.218528,58
1606363053.323061,68
1606363053.427292,71
1606363053.532247,76
1606363053.637442,77
1606363053.743153,50
1606363053.847692,51
1606363053.952847,51
1606363054.059584,55
1606363054.164520,55
1606363054.268760,59
1606363054.373585,68
1606363054.477632,70
1606363054.581958,78
1606363054.687496,78
1606363054.792445,51
1606363054.897394,52
1606363055.001600,50
1606363055.106599,57
1606363055.211364,59
1606363055.316697,69
1606363055.420707,72
1606363055.525290,77
1606363055.629648,64
1606363055.734850,52
1606363055.839744,52
1606363055.948230,51
1606363056.060354,62
1606363056.165661,63
1606363056.270655,64
1606363056.381605,74
1606363056.486049,83
1606363056.591220,82
1606363056.696144,69
1606363056.800396,55
1606363056.905317,54
1606363057.010503,53
1606363057.114615,59
1606363057.218569,62
1606363057.324387,65
1606363057.430040,74
1606363057.534410,78
1606363057.639013,83
1606363057.745173,84
1606363057.849700,56
1606363057.954175,58
1606363058.059878,53
1606363058.163684,60
1606363058.267983,63
1606363058.372935,72
1606363058.477186,74
1606363058.581822,87
1606363058.697620,84
1606363058.802644,62
1606363058.907024,61
1606363059.011080,57
1606363059.116640,64
1606363059.221316,68
1606363059.325828,67
1606363059.430593,79
1606363059.535052,79
1606363059.639239,85
1606363059.743275,83
1606363059.849610,59
1606363059.954782,61
1606363060.059722,58
1606363060.164494,66
1606363060.271443,68
1606363060.375487,68
1606363060.479154,77
1606363060.583340,78
1606363060.689435,89
1606363060.796031,90
1606363060.900102,79
