1606528144.019286,0
1606528144.123271,20
1606528144.227925,20
1606528144.332196,15
1606528144.435804,10
1606528144.540634,12
1606528144.646888,11
1606528144.750965,13
1606528144.854697,13
1606528145.019810,15
1606528145.129785,19
1606528145.233958,17
1606528145.341130,11
1606528145.446238,13
1606528145.556997,13
1606528145.661763,14
1606528145.836549,17
1606528145.940953,7
1606528146.046665,10
1606528146.151492,10
1606528146.255896,12
1606528146.360881,14
1606528146.465243,14
1606528146.571681,14
1606528146.676013,15
1606528146.780320,16
1606528146.903128,17
1606528147.007079,16
1606528147.111502,17
1606528147.216586,18
1606528147.321224,19
1606528147.430182,20
1606528147.534798,13
1606528147.638438,9
1606528147.743344,10
1606528147.847710,6
1606528147.952644,6
1606528148.056885,7
1606528148.161082,8
1606528148.265816,10
1606528148.370210,11
1606528148.475339,11
1606528148.580200,12
1606528148.684375,11
1606528148.788364,13
1606528148.893403,14
1606528148.998696,15
1606528149.103137,18
1606528149.215081,20
1606528149.321308,18
1606528149.427018,12
1606528149.531936,14
1606528149.636892,15
1606528149.741710,11
1606528149.846421,12
1606528149.951064,13
1606528150.067705,12
1606528150.172700,13
1606528150.278186,12
1606528150.382293,13
1606528150.486974,14
1606528150.598058,15
1606528150.702649,16
1606528150.807277,16
1606528150.910936,17
1606528151.015717,17
1606528151.119993,20
1606528151.231049,19
1606528151.335180,8
1606528151.440869,8
1606528151.545683,11
1606528151.649407,13
1606528151.753060,8
1606528151.859122,10
1606528151.964140,10
1606528152.068352,11
1606528152.172444,10
1606528152.276359,13
1606528152.380310,13
1606528152.485664,14
1606528152.590872,13
1606528152.699195,15
1606528152.803068,14
1606528152.909424,16
1606528153.022718,17
1606528153.127546,19
1606528153.232284,18
1606528153.338478,11
1606528153.443398,8
1606528153.552845,8
1606528153.656957,12
1606528153.762597,11
1606528153.868742,7
1606528153.973607,9
1606528154.077634,10
1606528154.182554,10
1606528154.286358,12
1606528154.392144,12
1606528154.496701,14
1606528154.600553,15
1606528154.704745,14
1606528154.814121,15
1606528154.919123,14
1606528155.023866,15
1606528155.127892,18
1606528155.239073,19
1606528155.344079,11
1606528155.448201,14
1606528155.552968,15
1606528155.657542,18
1606528155.762621,17
1606528155.872114,12
1606528155.976802,12
1606528156.080870,13
1606528156.185618,14
1606528156.292088,14
1606528156.395856,15
1606528156.500355,16
1606528156.605095,16
1606528156.713219,17
1606528156.825028,19
1606528156.928895,17
1606528157.032875,18
1606528157.137477,19
1606528157.241513,19
1606528157.345343,13
1606528157.450282,14
1606528157.554732,14
1606528157.667114,15
1606528157.773632,15
1606528157.877918,17
1606528157.981326,18
1606528158.085279,14
1606528158.189511,15
1606528158.293921,16
1606528158.399345,18
1606528158.503034,17
1606528158.608183,18
1606528158.713299,17
1606528158.818845,19
1606528158.923072,19
1606528159.028084,19
1606528159.133019,9
1606528159.237105,9
1606528159.342338,11
1606528159.446900,13
1606528159.551759,14
1606528159.655880,13
1606528159.759969,15
1606528159.865126,16
1606528159.969612,16
1606528160.073046,17
1606528160.177023,18
1606528160.282082,17
1606528160.394583,6
1606528160.499153,8
1606528160.604163,11
1606528160.711132,7
1606528160.814870,9
1606528160.918649,10
1606528161.023360,11
1606528161.127122,18
1606528161.230983,20
1606528161.336953,16
1606528161.445658,15
1606528161.551041,9
1606528161.655902,6
1606528161.760042,7
1606528161.864272,7
1606528161.969219,6
1606528162.080484,9
1606528162.184474,11
1606528162.289154,11
1606528162.392884,12
1606528162.497274,13
1606528162.601221,14
1606528162.705995,14
1606528162.809820,16
1606528162.914164,16
1606528163.019765,16
1606528163.123798,18
1606528163.227515,20
1606528163.331862,14
1606528163.436133,14
1606528163.540846,15
1606528163.645058,15
1606528163.749092,16
1606528163.852632,15
1606528163.955885,12
1606528164.060446,13
1606528164.164828,14
1606528164.269566,14
1606528164.374736,15
1606528164.487917,15
1606528164.591746,15
1606528164.696369,17
1606528164.801156,17
1606528164.905304,18
1606528165.009589,19
1606528165.114313,19
1606528165.219373,18
1606528165.323577,10
1606528165.429203,9
1606528165.534471,10
1606528165.638452,13
1606528165.743009,13
1606528165.847535,7
1606528165.952332,8
1606528166.056804,10
1606528166.161653,10
1606528166.266705,11
1606528166.371111,12
1606528166.477067,12
1606528166.582445,14
1606528166.688731,13
1606528166.794436,15
1606528166.899526,15
1606528167.003642,16
1606528167.108345,18
1606528167.211999,19
1606528167.317242,12
1606528167.422060,8
1606528167.527740,10
1606528167.632551,10
1606528167.736025,5
1606528167.839550,8
1606528167.944574,8
1606528168.049732,10
1606528168.160536,9
1606528168.264829,11
1606528168.368909,12
1606528168.472519,13
1606528168.576517,14
1606528168.681076,15
1606528168.785572,15
1606528168.889785,16
1606528168.993646,15
1606528169.099358,17
1606528169.203600,17
1606528169.311488,12
1606528169.415785,12
1606528169.524362,12
1606528169.630664,14
1606528169.735660,16
1606528169.840468,16
1606528169.946554,16
1606528170.050747,13
1606528170.156373,13
1606528170.259810,15
1606528170.367437,14
1606528170.471389,15
1606528170.580376,17
1606528170.684369,16
1606528170.788169,17
1606528170.893161,17
1606528170.998009,19
1606528171.101582,19
1606528171.205061,18
1606528171.310173,11
1606528171.414241,15
1606528171.522620,14
1606528171.627578,14
1606528171.731236,15
1606528171.835905,17
1606528171.941021,17
1606528172.046243,15
1606528172.149886,14
1606528172.254015,15
1606528172.358038,16
1606528172.462048,16
1606528172.574804,18
1606528172.679000,17
1606528172.782533,18
1606528172.886997,18
1606528172.992676,20
1606528173.097937,20
1606528173.203221,20
1606528173.318397,15
1606528173.423389,16
1606528173.528099,18
1606528173.632810,19
1606528173.737706,12
1606528173.841681,12
1606528173.946637,14
1606528174.050724,13
1606528174.164741,14
1606528174.274761,14
1606528174.379180,15
1606528174.483555,16
1606528174.588085,18
1606528174.692699,18
1606528174.801271,19
1606528174.905730,19
1606528175.017308,17
1606528175.120965,11
1606528175.227723,19
1606528175.331647,20
1606528175.445993,18
1606528175.550753,3
1606528175.655454,5
1606528175.759353,8
1606528175.864045,7
1606528175.967562,8
1606528176.075148,8
1606528176.179156,10
1606528176.284120,10
1606528176.389059,11
1606528176.493619,12
1606528176.603882,12
1606528176.715513,13
1606528176.841856,16
1606528176.945791,15
1606528177.051018,16
1606528177.154938,18
1606528177.259029,19
1606528177.364971,7
1606528177.469256,8
1606528177.573818,10
1606528177.678619,7
1606528177.783241,6
1606528177.896150,7
1606528178.001553,9
1606528178.106607,9
1606528178.212777,9
1606528178.320713,10
1606528178.427405,9
1606528178.531797,12
1606528178.636936,12
1606528178.740551,12
1606528178.848791,13
1606528178.954479,15
1606528179.064754,16
1606528179.170025,18
1606528179.274862,18
1606528179.379514,18
1606528179.484513,13
1606528179.590177,12
1606528179.694522,16
1606528179.798510,17
1606528179.903096,18
1606528180.009091,17
1606528180.114911,14
1606528180.220454,12
1606528180.324753,12
1606528180.429550,14
1606528180.540001,13
1606528180.649530,14
1606528180.753816,15
1606528180.858205,15
1606528180.963860,17
1606528181.068311,17
1606528181.172555,19
1606528181.278716,17
1606528181.382795,12
1606528181.487040,15
1606528181.591189,16
1606528181.696017,18
1606528181.800436,17
1606528181.905707,18
1606528182.010753,18
1606528182.121756,15
1606528182.226187,15
1606528182.330462,16
1606528182.437134,17
1606528182.551843,15
1606528182.661736,17
1606528182.765839,16
1606528182.869944,18
1606528182.973664,18
1606528183.077776,19
1606528183.182347,18
1606528183.287681,11
1606528183.393514,13
1606528183.498300,13
1606528183.603201,13
1606528183.708797,16
1606528183.812888,16
1606528183.917775,19
1606528184.022707,19
1606528184.127885,16
1606528184.232325,16
1606528184.336377,17
1606528184.440782,18
1606528184.544612,17
1606528184.648780,19
1606528184.752577,18
1606528184.857632,19
1606528184.961566,20
1606528185.066794,20
1606528185.171761,9
1606528185.276519,19
1606528185.380057,16
1606528185.484131,17
1606528185.589740,18
1606528185.693854,11
1606528185.798175,7
1606528185.903368,7
1606528186.008387,8
1606528186.114487,9
1606528186.220490,11
1606528186.326323,10
1606528186.430002,11
1606528186.534660,11
1606528186.639089,13
1606528186.744943,14
1606528186.849287,11
1606528186.954340,15
1606528187.058272,17
1606528187.161917,18
1606528187.267645,20
1606528187.373816,20
1606528187.478817,18
1606528187.598737,16
1606528187.703134,4
1606528187.807185,13
1606528187.910779,12
1606528188.015213,11
1606528188.119792,10
1606528188.224674,10
1606528188.329386,12
1606528188.434886,11
1606528188.539819,12
1606528188.643716,13
1606528188.748399,13
1606528188.854548,14
1606528188.961685,15
1606528189.066551,15
1606528189.172587,17
1606528189.277059,17
1606528189.381386,20
1606528189.485282,20
1606528189.589878,8
1606528189.695708,11
1606528189.802824,12
1606528189.907615,13
1606528190.013756,7
1606528190.118216,8
1606528190.229174,7
1606528190.395327,11
1606528190.506241,11
1606528190.852125,13
1606528190.982180,11
1606528191.088655,12
1606528191.192520,14
1606528191.298409,20
1606528191.404075,20
1606528191.509503,17
1606528191.614137,7
1606528191.728584,3
1606528191.838389,4
1606528192.068223,8
1606528192.185629,8
1606528192.298119,8
1606528192.403088,7
1606528192.508497,8
1606528192.612919,9
1606528192.716473,11
1606528192.820053,12
1606528192.924687,12
1606528193.066238,14
1606528193.172387,14
1606528193.276543,20
1606528193.389400,18
1606528193.493261,11
1606528193.599334,7
1606528193.708339,8
1606528193.812111,10
1606528193.917671,6
1606528194.021833,7
1606528194.126598,8
1606528194.231416,8
1606528194.335389,11
1606528194.440115,11
1606528194.544723,13
1606528194.649366,11
1606528194.754220,12
1606528194.858769,13
1606528194.966999,15
1606528195.070805,15
1606528195.178880,14
1606528195.282580,16
1606528195.392206,18
1606528195.496014,17
1606528195.601728,11
1606528195.705881,11
1606528195.812635,13
1606528195.917441,15
1606528196.022210,16
1606528196.127123,12
1606528196.230876,15
1606528196.335407,14
1606528196.440981,14
1606528196.546070,15
1606528196.650056,15
1606528196.758742,17
1606528196.862940,16
1606528197.051590,17
1606528197.159324,16
1606528197.274029,19
1606528197.378786,19
1606528197.483488,9
1606528197.588241,9
1606528197.693091,11
1606528197.798070,6
1606528197.903881,7
1606528198.011712,7
1606528198.115455,8
1606528198.219504,9
1606528198.325191,11
1606528198.438197,11
1606528198.543314,11
1606528198.647743,12
1606528198.752076,13
1606528198.856111,14
1606528198.960302,14
1606528199.067240,14
1606528199.173124,18
1606528199.277137,20
1606528199.381581,19
1606528199.485667,7
1606528199.590083,7
1606528199.694189,10
1606528199.798805,12
1606528199.902575,8
1606528200.006416,10
1606528200.111730,11
1606528200.217408,9
1606528200.322574,11
1606528200.429052,11
1606528200.533385,12
1606528200.637717,12
1606528200.741723,14
1606528200.847433,15
1606528200.952437,15
1606528201.056706,15
1606528201.160885,15
1606528201.274043,20
1606528201.380879,16
1606528201.486418,8
1606528201.590368,7
1606528201.694778,9
1606528201.799685,10
1606528201.903711,8
1606528202.008053,10
1606528202.113008,10
1606528202.216830,10
1606528202.320626,12
1606528202.426489,14
1606528202.531213,13
1606528202.636886,14
1606528202.745039,15
1606528202.850362,16
1606528202.956228,16
1606528203.059909,17
1606528203.164299,17
1606528203.268794,19
1606528203.373103,18
1606528203.478223,18
1606528203.584291,10
1606528203.689445,9
1606528203.798790,8
1606528203.903079,11
1606528204.007181,6
1606528204.111953,7
1606528204.216709,9
1606528204.321189,9
1606528204.427531,10
1606528204.532725,1
1606528204.638483,0
1606528204.743292,0
1606528204.847157,0
1606528204.952425,0
1606528205.058226,0
1606528205.183887,0
